F_Cin=21; T_C=25; T_H=65; T_D=29;
F_C=21; F_H=17; F_D=13;
Tau_C=100; Tau=40; C=0.15; alpha=6;
h0=72.25; T0=39.35;